7.614240145683288574e+01 2.340000000000000000e+02
7.615772485733032227e+01 2.340000000000000000e+02
7.617412972450256348e+01 2.340000000000000000e+02
7.619057202339172363e+01 2.320000000000000000e+02
7.620689105987548828e+01 2.320000000000000000e+02
7.622342777252197266e+01 2.300000000000000000e+02
7.622342777252197266e+01 2.300000000000000000e+02
7.622342777252197266e+01 2.300000000000000000e+02
7.627120614051818848e+01 2.350000000000000000e+02
7.628789424896240234e+01 2.350000000000000000e+02
7.630532407760620117e+01 2.360000000000000000e+02
7.632128071784973145e+01 2.370000000000000000e+02
7.633810091018676758e+01 2.370000000000000000e+02
7.635367846488952637e+01 2.350000000000000000e+02
7.635367846488952637e+01 2.350000000000000000e+02
7.638544225692749023e+01 2.340000000000000000e+02
7.640156674385070801e+01 2.340000000000000000e+02
7.641803264617919922e+01 2.340000000000000000e+02
7.643346500396728516e+01 2.340000000000000000e+02
7.644955921173095703e+01 2.340000000000000000e+02
7.646641945838928223e+01 2.340000000000000000e+02
7.648182582855224609e+01 2.340000000000000000e+02
7.649776220321655273e+01 2.340000000000000000e+02
7.651386690139770508e+01 2.350000000000000000e+02
7.653007054328918457e+01 2.350000000000000000e+02
7.654627990722656250e+01 2.350000000000000000e+02
7.656200885772705078e+01 2.350000000000000000e+02
7.657766318321228027e+01 2.340000000000000000e+02
7.659322285652160645e+01 2.380000000000000000e+02
7.660894656181335449e+01 2.380000000000000000e+02
7.662475395202636719e+01 2.340000000000000000e+02
7.664107847213745117e+01 2.350000000000000000e+02
7.665724492073059082e+01 2.350000000000000000e+02
7.667294383049011230e+01 2.340000000000000000e+02
7.669028830528259277e+01 2.330000000000000000e+02
7.670549511909484863e+01 2.330000000000000000e+02
7.672244572639465332e+01 2.330000000000000000e+02
7.673835229873657227e+01 2.330000000000000000e+02
7.675425696372985840e+01 2.340000000000000000e+02
7.677146172523498535e+01 2.340000000000000000e+02
7.678751778602600098e+01 2.340000000000000000e+02
7.680451416969299316e+01 2.340000000000000000e+02
7.682133913040161133e+01 2.340000000000000000e+02
7.683581352233886719e+01 2.340000000000000000e+02
7.685061407089233398e+01 2.340000000000000000e+02
7.686615324020385742e+01 2.320000000000000000e+02
7.688271093368530273e+01 2.320000000000000000e+02
7.689815545082092285e+01 2.340000000000000000e+02
7.691516590118408203e+01 2.360000000000000000e+02
7.693200755119323730e+01 2.360000000000000000e+02
7.694906187057495117e+01 2.340000000000000000e+02
7.696500110626220703e+01 2.350000000000000000e+02
7.698180174827575684e+01 2.350000000000000000e+02
7.699795317649841309e+01 2.360000000000000000e+02
7.701314163208007812e+01 2.360000000000000000e+02
7.702913665771484375e+01 2.360000000000000000e+02
7.704585051536560059e+01 2.350000000000000000e+02
7.706124854087829590e+01 2.350000000000000000e+02
7.707809114456176758e+01 2.340000000000000000e+02
7.709438085556030273e+01 2.350000000000000000e+02
7.710966801643371582e+01 2.350000000000000000e+02
7.712568044662475586e+01 2.340000000000000000e+02
7.714220619201660156e+01 2.340000000000000000e+02
7.714220619201660156e+01 2.340000000000000000e+02
7.717550706863403320e+01 2.330000000000000000e+02
7.719222736358642578e+01 2.330000000000000000e+02
7.720803141593933105e+01 2.330000000000000000e+02
7.722297883033752441e+01 2.320000000000000000e+02
7.723889970779418945e+01 2.340000000000000000e+02
7.725585246086120605e+01 2.340000000000000000e+02
7.727130484580993652e+01 2.340000000000000000e+02
7.728792953491210938e+01 2.340000000000000000e+02
7.730420875549316406e+01 2.340000000000000000e+02
7.732004070281982422e+01 2.340000000000000000e+02
7.733709049224853516e+01 2.340000000000000000e+02
7.735354304313659668e+01 2.360000000000000000e+02
7.736939382553100586e+01 2.340000000000000000e+02
7.738534617424011230e+01 2.340000000000000000e+02
7.740038371086120605e+01 2.360000000000000000e+02
7.741653823852539062e+01 2.340000000000000000e+02
7.743200373649597168e+01 2.340000000000000000e+02
7.744815802574157715e+01 2.340000000000000000e+02
7.746519851684570312e+01 2.350000000000000000e+02
7.748234510421752930e+01 2.350000000000000000e+02
7.749785351753234863e+01 2.300000000000000000e+02
7.751416492462158203e+01 2.300000000000000000e+02
7.753062152862548828e+01 2.330000000000000000e+02
7.754605507850646973e+01 2.340000000000000000e+02
7.756271338462829590e+01 2.340000000000000000e+02
7.757889747619628906e+01 2.340000000000000000e+02
7.757889747619628906e+01 2.340000000000000000e+02
7.761350178718566895e+01 2.360000000000000000e+02
7.762814044952392578e+01 2.340000000000000000e+02
7.764317488670349121e+01 2.340000000000000000e+02
7.765919661521911621e+01 2.340000000000000000e+02
7.767617440223693848e+01 2.340000000000000000e+02
7.769264817237854004e+01 2.330000000000000000e+02
7.770795893669128418e+01 2.330000000000000000e+02
7.772487545013427734e+01 2.340000000000000000e+02
7.774151730537414551e+01 2.330000000000000000e+02
7.774151730537414551e+01 2.330000000000000000e+02
7.777384614944458008e+01 2.310000000000000000e+02
7.778913617134094238e+01 2.380000000000000000e+02
7.780518531799316406e+01 2.380000000000000000e+02
7.782155799865722656e+01 2.350000000000000000e+02
7.783675694465637207e+01 2.350000000000000000e+02
7.785254597663879395e+01 2.350000000000000000e+02
7.786881089210510254e+01 2.340000000000000000e+02
7.788466238975524902e+01 2.340000000000000000e+02
7.790025520324707031e+01 2.350000000000000000e+02
7.791697454452514648e+01 2.360000000000000000e+02
7.793273091316223145e+01 2.360000000000000000e+02
7.794881629943847656e+01 2.340000000000000000e+02
7.796496272087097168e+01 2.330000000000000000e+02
7.798118495941162109e+01 2.330000000000000000e+02
7.799683737754821777e+01 2.360000000000000000e+02
7.801351761817932129e+01 2.360000000000000000e+02
7.802991342544555664e+01 2.340000000000000000e+02
7.804629254341125488e+01 2.340000000000000000e+02
7.806261372566223145e+01 2.340000000000000000e+02
7.807894134521484375e+01 2.350000000000000000e+02
7.809532022476196289e+01 2.340000000000000000e+02
7.811152267456054688e+01 2.340000000000000000e+02
7.812782049179077148e+01 2.340000000000000000e+02
7.814378738403320312e+01 2.340000000000000000e+02
7.816050028800964355e+01 2.340000000000000000e+02
7.817668056488037109e+01 2.340000000000000000e+02
7.819272947311401367e+01 2.340000000000000000e+02
7.820969319343566895e+01 2.340000000000000000e+02
7.822615551948547363e+01 2.340000000000000000e+02
7.824223256111145020e+01 2.340000000000000000e+02
7.825837159156799316e+01 2.340000000000000000e+02
7.827553272247314453e+01 2.340000000000000000e+02
7.829152846336364746e+01 2.340000000000000000e+02
7.830646419525146484e+01 2.340000000000000000e+02
7.832249331474304199e+01 2.340000000000000000e+02
7.833734679222106934e+01 2.340000000000000000e+02
7.835341596603393555e+01 2.340000000000000000e+02
7.837003898620605469e+01 2.340000000000000000e+02
7.838520050048828125e+01 2.340000000000000000e+02
7.840251541137695312e+01 2.340000000000000000e+02
7.841892099380493164e+01 2.350000000000000000e+02
7.843530607223510742e+01 2.350000000000000000e+02
7.845132160186767578e+01 2.340000000000000000e+02
7.846706819534301758e+01 2.350000000000000000e+02
7.848251795768737793e+01 2.350000000000000000e+02
7.849862694740295410e+01 2.340000000000000000e+02
7.851489114761352539e+01 2.340000000000000000e+02
7.853060007095336914e+01 2.340000000000000000e+02
7.854685831069946289e+01 2.340000000000000000e+02
7.856225371360778809e+01 2.340000000000000000e+02
7.857846903800964355e+01 2.340000000000000000e+02
7.859392571449279785e+01 2.340000000000000000e+02
7.861037325859069824e+01 2.340000000000000000e+02
7.862705373764038086e+01 2.340000000000000000e+02
7.864299201965332031e+01 2.340000000000000000e+02
7.865926694869995117e+01 2.340000000000000000e+02
7.867608046531677246e+01 2.340000000000000000e+02
7.869184923171997070e+01 2.340000000000000000e+02
7.870850896835327148e+01 2.340000000000000000e+02
7.872462248802185059e+01 2.340000000000000000e+02
7.874071359634399414e+01 2.340000000000000000e+02
7.875704336166381836e+01 2.340000000000000000e+02
7.877248597145080566e+01 2.340000000000000000e+02
7.878906893730163574e+01 2.340000000000000000e+02
7.880572199821472168e+01 2.340000000000000000e+02
7.882140994071960449e+01 2.340000000000000000e+02
7.883851051330566406e+01 2.340000000000000000e+02
7.885509848594665527e+01 2.340000000000000000e+02
7.887088727951049805e+01 2.340000000000000000e+02
7.888766765594482422e+01 2.340000000000000000e+02
7.890412378311157227e+01 2.340000000000000000e+02
7.892021036148071289e+01 2.340000000000000000e+02
7.893775844573974609e+01 2.340000000000000000e+02
7.893775844573974609e+01 2.340000000000000000e+02
7.896962976455688477e+01 2.340000000000000000e+02
7.898610281944274902e+01 2.340000000000000000e+02
7.900210213661193848e+01 2.340000000000000000e+02
7.900210213661193848e+01 2.340000000000000000e+02
7.903495836257934570e+01 2.340000000000000000e+02
7.905144572257995605e+01 2.340000000000000000e+02
7.906866240501403809e+01 2.340000000000000000e+02
7.908430767059326172e+01 2.340000000000000000e+02
7.910007619857788086e+01 2.340000000000000000e+02
7.911777043342590332e+01 2.340000000000000000e+02
7.911777043342590332e+01 2.340000000000000000e+02
7.914891338348388672e+01 2.340000000000000000e+02
7.916476964950561523e+01 2.340000000000000000e+02
7.918006992340087891e+01 2.340000000000000000e+02
7.919640350341796875e+01 2.340000000000000000e+02
7.921274280548095703e+01 2.340000000000000000e+02
7.922912073135375977e+01 2.340000000000000000e+02
7.924520087242126465e+01 2.340000000000000000e+02
7.926150655746459961e+01 2.340000000000000000e+02
7.927790093421936035e+01 2.340000000000000000e+02
7.929425263404846191e+01 2.340000000000000000e+02
7.931063842773437500e+01 2.340000000000000000e+02
7.931063842773437500e+01 2.340000000000000000e+02
7.934297037124633789e+01 2.340000000000000000e+02
7.935988640785217285e+01 2.340000000000000000e+02
7.937562680244445801e+01 2.340000000000000000e+02
7.939165973663330078e+01 2.340000000000000000e+02
7.940799689292907715e+01 2.340000000000000000e+02
7.942433047294616699e+01 2.340000000000000000e+02
7.944074654579162598e+01 2.340000000000000000e+02
7.945687031745910645e+01 2.340000000000000000e+02
7.947327542304992676e+01 2.340000000000000000e+02
7.948959493637084961e+01 2.340000000000000000e+02
7.950595140457153320e+01 2.340000000000000000e+02
7.952106261253356934e+01 2.340000000000000000e+02
7.953662109375000000e+01 2.340000000000000000e+02
7.953662109375000000e+01 2.340000000000000000e+02
7.956960844993591309e+01 2.340000000000000000e+02
7.958502340316772461e+01 2.340000000000000000e+02
7.960216426849365234e+01 2.340000000000000000e+02
7.961855435371398926e+01 2.340000000000000000e+02
7.961855435371398926e+01 2.340000000000000000e+02
7.965061521530151367e+01 2.340000000000000000e+02
7.966690540313720703e+01 2.340000000000000000e+02
7.968294811248779297e+01 2.340000000000000000e+02
7.969902610778808594e+01 2.340000000000000000e+02
7.971556210517883301e+01 2.340000000000000000e+02
7.973154640197753906e+01 2.340000000000000000e+02
7.973154640197753906e+01 2.340000000000000000e+02
7.976251983642578125e+01 2.340000000000000000e+02
7.977835726737976074e+01 2.340000000000000000e+02
7.979471874237060547e+01 2.340000000000000000e+02
7.981102228164672852e+01 2.340000000000000000e+02
7.982725405693054199e+01 2.340000000000000000e+02
7.984360265731811523e+01 2.340000000000000000e+02
7.986014389991760254e+01 2.340000000000000000e+02
7.987614536285400391e+01 2.340000000000000000e+02
7.989221358299255371e+01 2.340000000000000000e+02
7.990697836875915527e+01 2.340000000000000000e+02
7.992326140403747559e+01 2.340000000000000000e+02
7.993862724304199219e+01 2.340000000000000000e+02
7.993862724304199219e+01 2.340000000000000000e+02
7.997046399116516113e+01 2.340000000000000000e+02
7.998656606674194336e+01 2.340000000000000000e+02
8.000202870368957520e+01 2.340000000000000000e+02
8.001818442344665527e+01 2.340000000000000000e+02
8.003431200981140137e+01 2.340000000000000000e+02
8.005087304115295410e+01 2.340000000000000000e+02
8.006621146202087402e+01 2.340000000000000000e+02
8.008271789550781250e+01 2.340000000000000000e+02
8.009826660156250000e+01 2.340000000000000000e+02
8.011418414115905762e+01 2.340000000000000000e+02
8.013088703155517578e+01 2.340000000000000000e+02
8.014778208732604980e+01 2.340000000000000000e+02
8.016430592536926270e+01 2.340000000000000000e+02
8.018017292022705078e+01 2.340000000000000000e+02
8.018017292022705078e+01 2.340000000000000000e+02
8.021311593055725098e+01 2.340000000000000000e+02
8.022977685928344727e+01 2.340000000000000000e+02
8.022977685928344727e+01 2.340000000000000000e+02
8.022977685928344727e+01 2.340000000000000000e+02
8.027890515327453613e+01 2.340000000000000000e+02
8.029436898231506348e+01 2.340000000000000000e+02
8.031005740165710449e+01 2.340000000000000000e+02
8.032593679428100586e+01 2.340000000000000000e+02
8.034105753898620605e+01 2.340000000000000000e+02
8.035859227180480957e+01 2.340000000000000000e+02
8.037491226196289062e+01 2.340000000000000000e+02
8.039132261276245117e+01 2.340000000000000000e+02
8.040719842910766602e+01 2.340000000000000000e+02
8.042462801933288574e+01 2.340000000000000000e+02
8.044085121154785156e+01 2.340000000000000000e+02
8.045732045173645020e+01 2.340000000000000000e+02
8.047321248054504395e+01 2.340000000000000000e+02
8.048942279815673828e+01 2.340000000000000000e+02
8.050576901435852051e+01 2.340000000000000000e+02
8.052172994613647461e+01 2.340000000000000000e+02
8.053815031051635742e+01 2.340000000000000000e+02
8.053815031051635742e+01 2.340000000000000000e+02
8.057069969177246094e+01 2.340000000000000000e+02
8.058803009986877441e+01 2.340000000000000000e+02
8.060410022735595703e+01 2.340000000000000000e+02
8.061999583244323730e+01 2.340000000000000000e+02
8.063622045516967773e+01 2.340000000000000000e+02
8.065277075767517090e+01 2.340000000000000000e+02
8.066772103309631348e+01 2.340000000000000000e+02
8.068402886390686035e+01 2.340000000000000000e+02
8.070017075538635254e+01 2.340000000000000000e+02
8.071624469757080078e+01 2.340000000000000000e+02
8.073213481903076172e+01 2.340000000000000000e+02
8.074805450439453125e+01 2.340000000000000000e+02
8.074805450439453125e+01 2.340000000000000000e+02
8.077906513214111328e+01 2.340000000000000000e+02
8.079501247406005859e+01 2.340000000000000000e+02
8.081220293045043945e+01 2.340000000000000000e+02
8.082782387733459473e+01 2.340000000000000000e+02
8.084411692619323730e+01 2.340000000000000000e+02
8.084411692619323730e+01 2.340000000000000000e+02
8.084411692619323730e+01 2.340000000000000000e+02
8.089330363273620605e+01 2.340000000000000000e+02
8.090902972221374512e+01 2.340000000000000000e+02
8.092494583129882812e+01 2.340000000000000000e+02
8.094035029411315918e+01 2.340000000000000000e+02
8.095691037178039551e+01 2.190000000000000000e+02
8.097333192825317383e+01 2.200000000000000000e+02
8.098927736282348633e+01 2.200000000000000000e+02
8.100577259063720703e+01 2.270000000000000000e+02
8.102135777473449707e+01 2.320000000000000000e+02
8.103823733329772949e+01 2.320000000000000000e+02
8.105324816703796387e+01 2.330000000000000000e+02
8.106949543952941895e+01 2.350000000000000000e+02
8.108569955825805664e+01 2.350000000000000000e+02
8.110215902328491211e+01 2.350000000000000000e+02
8.111913180351257324e+01 2.360000000000000000e+02
8.113507008552551270e+01 2.360000000000000000e+02
8.115029644966125488e+01 2.360000000000000000e+02
8.116614818572998047e+01 2.360000000000000000e+02
8.118198752403259277e+01 2.340000000000000000e+02
8.119940590858459473e+01 2.340000000000000000e+02
8.121576642990112305e+01 2.340000000000000000e+02
8.123212838172912598e+01 2.350000000000000000e+02
8.124716162681579590e+01 2.340000000000000000e+02
8.126386117935180664e+01 2.340000000000000000e+02
8.127932786941528320e+01 2.350000000000000000e+02
8.129573321342468262e+01 2.360000000000000000e+02
8.131213712692260742e+01 2.360000000000000000e+02
8.132753920555114746e+01 2.340000000000000000e+02
8.134396696090698242e+01 2.340000000000000000e+02
8.134396696090698242e+01 2.340000000000000000e+02
8.137563085556030273e+01 2.340000000000000000e+02
8.139118075370788574e+01 2.340000000000000000e+02
8.140755128860473633e+01 2.340000000000000000e+02
8.142367649078369141e+01 2.340000000000000000e+02
8.143996953964233398e+01 2.340000000000000000e+02
8.145604777336120605e+01 2.340000000000000000e+02
8.147241401672363281e+01 2.330000000000000000e+02
8.148880577087402344e+01 2.330000000000000000e+02
8.150510954856872559e+01 2.340000000000000000e+02
8.152140164375305176e+01 2.350000000000000000e+02
8.153759455680847168e+01 2.350000000000000000e+02
8.155394768714904785e+01 2.320000000000000000e+02
8.157023859024047852e+01 2.340000000000000000e+02
8.158758187294006348e+01 2.340000000000000000e+02
8.160399055480957031e+01 2.330000000000000000e+02
8.161943817138671875e+01 2.340000000000000000e+02
8.163698482513427734e+01 2.340000000000000000e+02
8.165387654304504395e+01 2.320000000000000000e+02
8.166938161849975586e+01 2.340000000000000000e+02
8.168489217758178711e+01 2.340000000000000000e+02
8.170114970207214355e+01 2.340000000000000000e+02
8.171795153617858887e+01 2.340000000000000000e+02
8.173366284370422363e+01 2.340000000000000000e+02
8.175067424774169922e+01 2.340000000000000000e+02
8.176732540130615234e+01 2.340000000000000000e+02
8.178324341773986816e+01 2.340000000000000000e+02
8.180011487007141113e+01 2.340000000000000000e+02
8.181567239761352539e+01 2.340000000000000000e+02
8.183244585990905762e+01 2.340000000000000000e+02
8.184802055358886719e+01 2.340000000000000000e+02
8.186490750312805176e+01 2.340000000000000000e+02
8.188089370727539062e+01 2.340000000000000000e+02
8.189716935157775879e+01 2.340000000000000000e+02
8.191436004638671875e+01 2.340000000000000000e+02
8.193105983734130859e+01 2.340000000000000000e+02
8.194630360603332520e+01 2.340000000000000000e+02
8.196283674240112305e+01 2.340000000000000000e+02
8.197839283943176270e+01 2.330000000000000000e+02
8.199521517753601074e+01 2.340000000000000000e+02
8.201088833808898926e+01 2.340000000000000000e+02
8.202686476707458496e+01 2.350000000000000000e+02
8.204403495788574219e+01 2.350000000000000000e+02
8.205963802337646484e+01 2.340000000000000000e+02
8.207652711868286133e+01 2.340000000000000000e+02
8.207652711868286133e+01 2.340000000000000000e+02
8.210707664489746094e+01 2.340000000000000000e+02
8.212411952018737793e+01 2.340000000000000000e+02
8.213911628723144531e+01 2.340000000000000000e+02
8.215582084655761719e+01 2.340000000000000000e+02
8.217270708084106445e+01 2.340000000000000000e+02
8.218863010406494141e+01 2.340000000000000000e+02
8.218863010406494141e+01 2.340000000000000000e+02
8.222102165222167969e+01 2.340000000000000000e+02
8.223711228370666504e+01 2.340000000000000000e+02
8.225297069549560547e+01 2.330000000000000000e+02
8.226847100257873535e+01 2.330000000000000000e+02
8.228428196907043457e+01 2.340000000000000000e+02
8.230064487457275391e+01 2.340000000000000000e+02
8.231661367416381836e+01 2.340000000000000000e+02
8.233206772804260254e+01 2.330000000000000000e+02
8.234728026390075684e+01 2.340000000000000000e+02
8.236382222175598145e+01 2.340000000000000000e+02
8.238104009628295898e+01 2.340000000000000000e+02
8.238104009628295898e+01 2.340000000000000000e+02
8.241365146636962891e+01 2.330000000000000000e+02
8.242914080619812012e+01 2.340000000000000000e+02
8.244654059410095215e+01 2.340000000000000000e+02
8.246134185791015625e+01 2.340000000000000000e+02
8.247743868827819824e+01 2.300000000000000000e+02
8.249318361282348633e+01 2.300000000000000000e+02
8.250924730300903320e+01 2.340000000000000000e+02
8.252535533905029297e+01 2.340000000000000000e+02
8.254191255569458008e+01 2.340000000000000000e+02
8.255713582038879395e+01 2.360000000000000000e+02
8.257341074943542480e+01 2.340000000000000000e+02
8.258979392051696777e+01 2.340000000000000000e+02
8.260915160179138184e+01 2.340000000000000000e+02
8.262223362922668457e+01 2.350000000000000000e+02
8.263865017890930176e+01 2.350000000000000000e+02
8.265469551086425781e+01 2.340000000000000000e+02
8.267111778259277344e+01 2.340000000000000000e+02
8.268757963180541992e+01 2.340000000000000000e+02
8.268757963180541992e+01 2.340000000000000000e+02
8.272028851509094238e+01 2.340000000000000000e+02
8.272028851509094238e+01 2.340000000000000000e+02
8.275201916694641113e+01 2.330000000000000000e+02
8.276810169219970703e+01 2.330000000000000000e+02
8.278395605087280273e+01 2.300000000000000000e+02
8.280033016204833984e+01 2.320000000000000000e+02
8.281676673889160156e+01 2.320000000000000000e+02
8.283312869071960449e+01 2.340000000000000000e+02
8.284870076179504395e+01 2.320000000000000000e+02
8.286405515670776367e+01 2.320000000000000000e+02
8.288055682182312012e+01 2.340000000000000000e+02
8.289707612991333008e+01 2.340000000000000000e+02
8.291261267662048340e+01 2.340000000000000000e+02
8.292899656295776367e+01 2.350000000000000000e+02
8.294453811645507812e+01 2.340000000000000000e+02
8.296095871925354004e+01 2.340000000000000000e+02
8.297719645500183105e+01 2.320000000000000000e+02
8.299368166923522949e+01 2.320000000000000000e+02
8.299368166923522949e+01 2.320000000000000000e+02
8.302609252929687500e+01 2.340000000000000000e+02
8.304312729835510254e+01 2.340000000000000000e+02
8.305964136123657227e+01 2.330000000000000000e+02
8.307536315917968750e+01 2.330000000000000000e+02
8.309123015403747559e+01 2.330000000000000000e+02
8.310655283927917480e+01 2.340000000000000000e+02
8.312197971343994141e+01 2.330000000000000000e+02
8.313887643814086914e+01 2.330000000000000000e+02
8.315497851371765137e+01 2.320000000000000000e+02
8.315497851371765137e+01 2.320000000000000000e+02
8.318592953681945801e+01 2.330000000000000000e+02
8.320260810852050781e+01 2.330000000000000000e+02
8.320260810852050781e+01 2.330000000000000000e+02
8.323478603363037109e+01 2.340000000000000000e+02
8.325081515312194824e+01 2.340000000000000000e+02
8.326718688011169434e+01 2.340000000000000000e+02
8.328325200080871582e+01 2.340000000000000000e+02
8.329928541183471680e+01 2.340000000000000000e+02
8.331499838829040527e+01 2.340000000000000000e+02
8.331499838829040527e+01 2.340000000000000000e+02
8.334664964675903320e+01 2.350000000000000000e+02
8.336283159255981445e+01 2.350000000000000000e+02
8.337882161140441895e+01 2.340000000000000000e+02
8.339504647254943848e+01 2.330000000000000000e+02
8.341016721725463867e+01 2.330000000000000000e+02
8.342626452445983887e+01 2.340000000000000000e+02
8.344240021705627441e+01 2.340000000000000000e+02
8.345915055274963379e+01 2.340000000000000000e+02
8.347505831718444824e+01 2.340000000000000000e+02
8.349130821228027344e+01 2.340000000000000000e+02
8.350782775878906250e+01 2.330000000000000000e+02
8.350782775878906250e+01 2.330000000000000000e+02
8.353979206085205078e+01 2.340000000000000000e+02
8.355599832534790039e+01 2.330000000000000000e+02
8.357139015197753906e+01 2.320000000000000000e+02
8.357139015197753906e+01 2.320000000000000000e+02
8.357139015197753906e+01 2.320000000000000000e+02
8.361987423896789551e+01 2.340000000000000000e+02
8.363604736328125000e+01 2.340000000000000000e+02
8.365200304985046387e+01 2.320000000000000000e+02
8.366833329200744629e+01 2.320000000000000000e+02
8.368468880653381348e+01 2.330000000000000000e+02
8.370056343078613281e+01 2.340000000000000000e+02
8.371695470809936523e+01 2.340000000000000000e+02
8.373332405090332031e+01 2.340000000000000000e+02
8.374968552589416504e+01 2.340000000000000000e+02
8.374968552589416504e+01 2.340000000000000000e+02
8.378196167945861816e+01 2.340000000000000000e+02
8.379817557334899902e+01 2.350000000000000000e+02
8.381456398963928223e+01 2.350000000000000000e+02
8.381456398963928223e+01 2.350000000000000000e+02
8.384726428985595703e+01 2.350000000000000000e+02
8.386357736587524414e+01 2.350000000000000000e+02
8.388009333610534668e+01 2.340000000000000000e+02
8.389644527435302734e+01 2.350000000000000000e+02
8.391293144226074219e+01 2.350000000000000000e+02
8.393021869659423828e+01 2.340000000000000000e+02
8.393021869659423828e+01 2.340000000000000000e+02
8.396221208572387695e+01 2.340000000000000000e+02
8.397762370109558105e+01 2.340000000000000000e+02
8.399402093887329102e+01 2.340000000000000000e+02
8.400944280624389648e+01 2.340000000000000000e+02
8.402575397491455078e+01 2.340000000000000000e+02
8.404160785675048828e+01 2.340000000000000000e+02
8.405712604522705078e+01 2.340000000000000000e+02
8.407294726371765137e+01 2.360000000000000000e+02
8.408873701095581055e+01 2.360000000000000000e+02
8.410546302795410156e+01 2.330000000000000000e+02
8.412147665023803711e+01 2.360000000000000000e+02
8.412147665023803711e+01 2.360000000000000000e+02
8.415357565879821777e+01 2.340000000000000000e+02
8.416919922828674316e+01 2.340000000000000000e+02
8.418550848960876465e+01 2.340000000000000000e+02
8.420112514495849609e+01 2.360000000000000000e+02
