0.000000000000000000e+00 0.000000000000000000e+00
0.000000000000000000e+00 0.000000000000000000e+00
0.000000000000000000e+00 0.000000000000000000e+00
0.000000000000000000e+00 0.000000000000000000e+00
0.000000000000000000e+00 0.000000000000000000e+00
0.000000000000000000e+00 0.000000000000000000e+00
0.000000000000000000e+00 0.000000000000000000e+00
0.000000000000000000e+00 0.000000000000000000e+00
0.000000000000000000e+00 0.000000000000000000e+00
0.000000000000000000e+00 0.000000000000000000e+00
0.000000000000000000e+00 0.000000000000000000e+00
0.000000000000000000e+00 0.000000000000000000e+00
0.000000000000000000e+00 0.000000000000000000e+00
0.000000000000000000e+00 0.000000000000000000e+00
0.000000000000000000e+00 0.000000000000000000e+00
0.000000000000000000e+00 0.000000000000000000e+00
0.000000000000000000e+00 0.000000000000000000e+00
0.000000000000000000e+00 0.000000000000000000e+00
0.000000000000000000e+00 0.000000000000000000e+00
0.000000000000000000e+00 0.000000000000000000e+00
0.000000000000000000e+00 0.000000000000000000e+00
0.000000000000000000e+00 0.000000000000000000e+00
0.000000000000000000e+00 0.000000000000000000e+00
0.000000000000000000e+00 0.000000000000000000e+00
0.000000000000000000e+00 0.000000000000000000e+00
0.000000000000000000e+00 0.000000000000000000e+00
0.000000000000000000e+00 0.000000000000000000e+00
0.000000000000000000e+00 0.000000000000000000e+00
6.493824005126953125e+00 3.460000000000000000e+02
6.493824005126953125e+00 3.460000000000000000e+02
6.557872533798217773e+00 3.450000000000000000e+02
6.557872533798217773e+00 3.450000000000000000e+02
6.557872533798217773e+00 3.450000000000000000e+02
6.652308702468872070e+00 3.450000000000000000e+02
6.683342933654785156e+00 3.520000000000000000e+02
6.683342933654785156e+00 3.520000000000000000e+02
6.683342933654785156e+00 3.520000000000000000e+02
6.683342933654785156e+00 3.520000000000000000e+02
6.683342933654785156e+00 3.520000000000000000e+02
6.683342933654785156e+00 3.520000000000000000e+02
6.683342933654785156e+00 3.520000000000000000e+02
6.683342933654785156e+00 3.520000000000000000e+02
6.683342933654785156e+00 3.520000000000000000e+02
6.683342933654785156e+00 3.520000000000000000e+02
6.999577999114990234e+00 3.440000000000000000e+02
6.999577999114990234e+00 3.440000000000000000e+02
6.999577999114990234e+00 3.440000000000000000e+02
6.999577999114990234e+00 3.440000000000000000e+02
6.999577999114990234e+00 3.440000000000000000e+02
6.999577999114990234e+00 3.440000000000000000e+02
6.999577999114990234e+00 3.440000000000000000e+02
6.999577999114990234e+00 3.440000000000000000e+02
6.999577999114990234e+00 3.440000000000000000e+02
6.999577999114990234e+00 3.440000000000000000e+02
6.999577999114990234e+00 3.440000000000000000e+02
6.999577999114990234e+00 3.440000000000000000e+02
6.999577999114990234e+00 3.440000000000000000e+02
6.999577999114990234e+00 3.440000000000000000e+02
6.999577999114990234e+00 3.440000000000000000e+02
6.999577999114990234e+00 3.440000000000000000e+02
6.999577999114990234e+00 3.440000000000000000e+02
6.999577999114990234e+00 3.440000000000000000e+02
6.999577999114990234e+00 3.440000000000000000e+02
6.999577999114990234e+00 3.440000000000000000e+02
6.999577999114990234e+00 3.440000000000000000e+02
6.999577999114990234e+00 3.440000000000000000e+02
6.999577999114990234e+00 3.440000000000000000e+02
6.999577999114990234e+00 3.440000000000000000e+02
6.999577999114990234e+00 3.440000000000000000e+02
6.999577999114990234e+00 3.440000000000000000e+02
6.999577999114990234e+00 3.440000000000000000e+02
6.999577999114990234e+00 3.440000000000000000e+02
6.999577999114990234e+00 3.440000000000000000e+02
7.913125991821289062e+00 3.470000000000000000e+02
7.913125991821289062e+00 3.470000000000000000e+02
7.913125991821289062e+00 3.470000000000000000e+02
7.913125991821289062e+00 3.470000000000000000e+02
8.038747310638427734e+00 3.430000000000000000e+02
8.038747310638427734e+00 3.430000000000000000e+02
8.038747310638427734e+00 3.430000000000000000e+02
8.038747310638427734e+00 3.430000000000000000e+02
8.038747310638427734e+00 3.430000000000000000e+02
8.038747310638427734e+00 3.430000000000000000e+02
8.038747310638427734e+00 3.430000000000000000e+02
8.038747310638427734e+00 3.430000000000000000e+02
8.289235830307006836e+00 3.450000000000000000e+02
8.289235830307006836e+00 3.450000000000000000e+02
8.289235830307006836e+00 3.450000000000000000e+02
8.289235830307006836e+00 3.450000000000000000e+02
8.289235830307006836e+00 3.450000000000000000e+02
8.289235830307006836e+00 3.450000000000000000e+02
8.289235830307006836e+00 3.450000000000000000e+02
8.508390426635742188e+00 3.450000000000000000e+02
8.508390426635742188e+00 3.450000000000000000e+02
8.508390426635742188e+00 3.450000000000000000e+02
8.508390426635742188e+00 3.450000000000000000e+02
8.635460376739501953e+00 3.460000000000000000e+02
8.635460376739501953e+00 3.460000000000000000e+02
8.635460376739501953e+00 3.460000000000000000e+02
8.635460376739501953e+00 3.460000000000000000e+02
8.635460376739501953e+00 3.460000000000000000e+02
8.635460376739501953e+00 3.460000000000000000e+02
8.635460376739501953e+00 3.460000000000000000e+02
8.635460376739501953e+00 3.460000000000000000e+02
8.635460376739501953e+00 3.460000000000000000e+02
8.635460376739501953e+00 3.460000000000000000e+02
8.635460376739501953e+00 3.460000000000000000e+02
8.635460376739501953e+00 3.460000000000000000e+02
8.635460376739501953e+00 3.460000000000000000e+02
8.635460376739501953e+00 3.460000000000000000e+02
8.635460376739501953e+00 3.460000000000000000e+02
8.635460376739501953e+00 3.460000000000000000e+02
8.635460376739501953e+00 3.460000000000000000e+02
8.635460376739501953e+00 3.460000000000000000e+02
8.635460376739501953e+00 3.460000000000000000e+02
8.635460376739501953e+00 3.460000000000000000e+02
8.635460376739501953e+00 3.460000000000000000e+02
8.635460376739501953e+00 3.460000000000000000e+02
8.635460376739501953e+00 3.460000000000000000e+02
8.635460376739501953e+00 3.460000000000000000e+02
8.635460376739501953e+00 3.460000000000000000e+02
8.635460376739501953e+00 3.460000000000000000e+02
8.635460376739501953e+00 3.460000000000000000e+02
9.483489990234375000e+00 3.450000000000000000e+02
9.483489990234375000e+00 3.450000000000000000e+02
9.483489990234375000e+00 3.450000000000000000e+02
9.576807022094726562e+00 3.440000000000000000e+02
9.608872652053833008e+00 3.430000000000000000e+02
9.608872652053833008e+00 3.430000000000000000e+02
9.671660184860229492e+00 3.440000000000000000e+02
9.671660184860229492e+00 3.440000000000000000e+02
9.671660184860229492e+00 3.440000000000000000e+02
9.671660184860229492e+00 3.440000000000000000e+02
9.671660184860229492e+00 3.440000000000000000e+02
9.671660184860229492e+00 3.440000000000000000e+02
9.671660184860229492e+00 3.440000000000000000e+02
9.671660184860229492e+00 3.440000000000000000e+02
9.671660184860229492e+00 3.440000000000000000e+02
9.671660184860229492e+00 3.440000000000000000e+02
9.671660184860229492e+00 3.440000000000000000e+02
9.671660184860229492e+00 3.440000000000000000e+02
9.671660184860229492e+00 3.440000000000000000e+02
9.671660184860229492e+00 3.440000000000000000e+02
9.671660184860229492e+00 3.440000000000000000e+02
9.671660184860229492e+00 3.440000000000000000e+02
9.671660184860229492e+00 3.440000000000000000e+02
9.671660184860229492e+00 3.440000000000000000e+02
9.671660184860229492e+00 3.440000000000000000e+02
9.671660184860229492e+00 3.440000000000000000e+02
9.671660184860229492e+00 3.440000000000000000e+02
9.671660184860229492e+00 3.440000000000000000e+02
9.671660184860229492e+00 3.440000000000000000e+02
9.671660184860229492e+00 3.440000000000000000e+02
9.671660184860229492e+00 3.440000000000000000e+02
9.671660184860229492e+00 3.440000000000000000e+02
9.671660184860229492e+00 3.440000000000000000e+02
9.671660184860229492e+00 3.440000000000000000e+02
9.671660184860229492e+00 3.440000000000000000e+02
9.671660184860229492e+00 3.440000000000000000e+02
9.671660184860229492e+00 3.440000000000000000e+02
9.671660184860229492e+00 3.440000000000000000e+02
9.671660184860229492e+00 3.440000000000000000e+02
9.671660184860229492e+00 3.440000000000000000e+02
9.671660184860229492e+00 3.440000000000000000e+02
9.671660184860229492e+00 3.440000000000000000e+02
9.671660184860229492e+00 3.440000000000000000e+02
9.671660184860229492e+00 3.440000000000000000e+02
9.671660184860229492e+00 3.440000000000000000e+02
9.671660184860229492e+00 3.440000000000000000e+02
9.671660184860229492e+00 3.440000000000000000e+02
9.671660184860229492e+00 3.440000000000000000e+02
9.671660184860229492e+00 3.440000000000000000e+02
9.671660184860229492e+00 3.440000000000000000e+02
9.671660184860229492e+00 3.440000000000000000e+02
9.671660184860229492e+00 3.440000000000000000e+02
9.671660184860229492e+00 3.440000000000000000e+02
9.671660184860229492e+00 3.440000000000000000e+02
9.671660184860229492e+00 3.440000000000000000e+02
9.671660184860229492e+00 3.440000000000000000e+02
9.671660184860229492e+00 3.440000000000000000e+02
9.671660184860229492e+00 3.440000000000000000e+02
9.671660184860229492e+00 3.440000000000000000e+02
9.671660184860229492e+00 3.440000000000000000e+02
9.671660184860229492e+00 3.440000000000000000e+02
9.671660184860229492e+00 3.440000000000000000e+02
9.671660184860229492e+00 3.440000000000000000e+02
9.671660184860229492e+00 3.440000000000000000e+02
9.671660184860229492e+00 3.440000000000000000e+02
9.671660184860229492e+00 3.440000000000000000e+02
9.671660184860229492e+00 3.440000000000000000e+02
1.158825278282165527e+01 3.440000000000000000e+02
1.158825278282165527e+01 3.440000000000000000e+02
1.165025639533996582e+01 3.440000000000000000e+02
1.165025639533996582e+01 3.440000000000000000e+02
1.165025639533996582e+01 3.440000000000000000e+02
1.165025639533996582e+01 3.440000000000000000e+02
1.165025639533996582e+01 3.440000000000000000e+02
1.165025639533996582e+01 3.440000000000000000e+02
1.165025639533996582e+01 3.440000000000000000e+02
1.165025639533996582e+01 3.440000000000000000e+02
1.165025639533996582e+01 3.440000000000000000e+02
1.165025639533996582e+01 3.440000000000000000e+02
1.165025639533996582e+01 3.440000000000000000e+02
1.165025639533996582e+01 3.440000000000000000e+02
1.165025639533996582e+01 3.440000000000000000e+02
1.165025639533996582e+01 3.440000000000000000e+02
1.165025639533996582e+01 3.440000000000000000e+02
1.165025639533996582e+01 3.440000000000000000e+02
1.165025639533996582e+01 3.440000000000000000e+02
1.165025639533996582e+01 3.440000000000000000e+02
1.165025639533996582e+01 3.440000000000000000e+02
1.165025639533996582e+01 3.440000000000000000e+02
1.165025639533996582e+01 3.440000000000000000e+02
1.165025639533996582e+01 3.440000000000000000e+02
1.165025639533996582e+01 3.440000000000000000e+02
1.165025639533996582e+01 3.440000000000000000e+02
1.165025639533996582e+01 3.440000000000000000e+02
1.165025639533996582e+01 3.440000000000000000e+02
1.165025639533996582e+01 3.440000000000000000e+02
1.165025639533996582e+01 3.440000000000000000e+02
1.165025639533996582e+01 3.440000000000000000e+02
1.165025639533996582e+01 3.440000000000000000e+02
1.165025639533996582e+01 3.440000000000000000e+02
1.165025639533996582e+01 3.440000000000000000e+02
1.165025639533996582e+01 3.440000000000000000e+02
1.165025639533996582e+01 3.440000000000000000e+02
1.165025639533996582e+01 3.440000000000000000e+02
1.165025639533996582e+01 3.440000000000000000e+02
1.165025639533996582e+01 3.440000000000000000e+02
1.165025639533996582e+01 3.440000000000000000e+02
1.165025639533996582e+01 3.440000000000000000e+02
1.165025639533996582e+01 3.440000000000000000e+02
1.165025639533996582e+01 3.440000000000000000e+02
1.165025639533996582e+01 3.440000000000000000e+02
1.165025639533996582e+01 3.440000000000000000e+02
1.165025639533996582e+01 3.440000000000000000e+02
1.165025639533996582e+01 3.440000000000000000e+02
1.165025639533996582e+01 3.440000000000000000e+02
1.165025639533996582e+01 3.440000000000000000e+02
1.165025639533996582e+01 3.440000000000000000e+02
1.165025639533996582e+01 3.440000000000000000e+02
1.165025639533996582e+01 3.440000000000000000e+02
1.165025639533996582e+01 3.440000000000000000e+02
1.165025639533996582e+01 3.440000000000000000e+02
1.165025639533996582e+01 3.440000000000000000e+02
1.165025639533996582e+01 3.440000000000000000e+02
1.165025639533996582e+01 3.440000000000000000e+02
1.165025639533996582e+01 3.440000000000000000e+02
1.165025639533996582e+01 3.440000000000000000e+02
1.165025639533996582e+01 3.440000000000000000e+02
1.165025639533996582e+01 3.440000000000000000e+02
1.165025639533996582e+01 3.440000000000000000e+02
1.353089904785156250e+01 3.440000000000000000e+02
1.353089904785156250e+01 3.440000000000000000e+02
1.353089904785156250e+01 3.440000000000000000e+02
1.353089904785156250e+01 3.440000000000000000e+02
1.353089904785156250e+01 3.440000000000000000e+02
1.353089904785156250e+01 3.440000000000000000e+02
1.353089904785156250e+01 3.440000000000000000e+02
1.353089904785156250e+01 3.440000000000000000e+02
1.353089904785156250e+01 3.440000000000000000e+02
1.353089904785156250e+01 3.440000000000000000e+02
1.353089904785156250e+01 3.440000000000000000e+02
1.353089904785156250e+01 3.440000000000000000e+02
1.353089904785156250e+01 3.440000000000000000e+02
1.353089904785156250e+01 3.440000000000000000e+02
1.353089904785156250e+01 3.440000000000000000e+02
1.353089904785156250e+01 3.440000000000000000e+02
1.353089904785156250e+01 3.440000000000000000e+02
1.353089904785156250e+01 3.440000000000000000e+02
1.353089904785156250e+01 3.440000000000000000e+02
1.353089904785156250e+01 3.440000000000000000e+02
1.353089904785156250e+01 3.440000000000000000e+02
1.353089904785156250e+01 3.440000000000000000e+02
1.353089904785156250e+01 3.440000000000000000e+02
1.353089904785156250e+01 3.440000000000000000e+02
1.353089904785156250e+01 3.440000000000000000e+02
1.353089904785156250e+01 3.440000000000000000e+02
1.353089904785156250e+01 3.440000000000000000e+02
1.353089904785156250e+01 3.440000000000000000e+02
1.353089904785156250e+01 3.440000000000000000e+02
1.353089904785156250e+01 3.440000000000000000e+02
1.353089904785156250e+01 3.440000000000000000e+02
1.353089904785156250e+01 3.440000000000000000e+02
1.353089904785156250e+01 3.440000000000000000e+02
1.353089904785156250e+01 3.440000000000000000e+02
1.353089904785156250e+01 3.440000000000000000e+02
1.353089904785156250e+01 3.440000000000000000e+02
1.353089904785156250e+01 3.440000000000000000e+02
1.353089904785156250e+01 3.440000000000000000e+02
1.353089904785156250e+01 3.440000000000000000e+02
1.353089904785156250e+01 3.440000000000000000e+02
1.353089904785156250e+01 3.440000000000000000e+02
1.353089904785156250e+01 3.440000000000000000e+02
1.353089904785156250e+01 3.440000000000000000e+02
1.353089904785156250e+01 3.440000000000000000e+02
1.353089904785156250e+01 3.440000000000000000e+02
1.353089904785156250e+01 3.440000000000000000e+02
1.353089904785156250e+01 3.440000000000000000e+02
1.353089904785156250e+01 3.440000000000000000e+02
1.503464388847351074e+01 3.440000000000000000e+02
1.503464388847351074e+01 3.440000000000000000e+02
1.509689331054687500e+01 1.000000000000000000e+00
1.509689331054687500e+01 1.000000000000000000e+00
1.509689331054687500e+01 1.000000000000000000e+00
1.509689331054687500e+01 1.000000000000000000e+00
1.509689331054687500e+01 1.000000000000000000e+00
1.509689331054687500e+01 1.000000000000000000e+00
1.509689331054687500e+01 1.000000000000000000e+00
1.509689331054687500e+01 1.000000000000000000e+00
1.509689331054687500e+01 1.000000000000000000e+00
1.509689331054687500e+01 1.000000000000000000e+00
1.509689331054687500e+01 1.000000000000000000e+00
1.544284343719482422e+01 3.440000000000000000e+02
1.544284343719482422e+01 3.440000000000000000e+02
1.550633263587951660e+01 3.440000000000000000e+02
1.550633263587951660e+01 3.440000000000000000e+02
1.550633263587951660e+01 3.440000000000000000e+02
1.550633263587951660e+01 3.440000000000000000e+02
1.550633263587951660e+01 3.440000000000000000e+02
1.550633263587951660e+01 3.440000000000000000e+02
1.550633263587951660e+01 3.440000000000000000e+02
1.550633263587951660e+01 3.440000000000000000e+02
1.550633263587951660e+01 3.440000000000000000e+02
1.550633263587951660e+01 3.440000000000000000e+02
1.582345294952392578e+01 3.440000000000000000e+02
1.582345294952392578e+01 3.440000000000000000e+02
1.582345294952392578e+01 3.440000000000000000e+02
1.582345294952392578e+01 3.440000000000000000e+02
1.582345294952392578e+01 3.440000000000000000e+02
1.582345294952392578e+01 3.440000000000000000e+02
1.582345294952392578e+01 3.440000000000000000e+02
1.604354262351989746e+01 3.450000000000000000e+02
1.604354262351989746e+01 3.450000000000000000e+02
1.604354262351989746e+01 3.450000000000000000e+02
1.604354262351989746e+01 3.450000000000000000e+02
1.604354262351989746e+01 3.450000000000000000e+02
1.604354262351989746e+01 3.450000000000000000e+02
1.604354262351989746e+01 3.450000000000000000e+02
1.604354262351989746e+01 3.450000000000000000e+02
1.604354262351989746e+01 3.450000000000000000e+02
1.604354262351989746e+01 3.450000000000000000e+02
1.604354262351989746e+01 3.450000000000000000e+02
1.638408517837524414e+01 3.430000000000000000e+02
1.638408517837524414e+01 3.430000000000000000e+02
1.644608688354492188e+01 3.430000000000000000e+02
1.644608688354492188e+01 3.430000000000000000e+02
1.644608688354492188e+01 3.430000000000000000e+02
1.644608688354492188e+01 3.430000000000000000e+02
1.644608688354492188e+01 3.430000000000000000e+02
1.660139298439025879e+01 3.440000000000000000e+02
1.663328170776367188e+01 3.440000000000000000e+02
1.666473865509033203e+01 3.470000000000000000e+02
1.669485163688659668e+01 3.440000000000000000e+02
1.669485163688659668e+01 3.440000000000000000e+02
1.669485163688659668e+01 3.440000000000000000e+02
1.679016113281250000e+01 3.480000000000000000e+02
1.679016113281250000e+01 3.480000000000000000e+02
1.679016113281250000e+01 3.480000000000000000e+02
1.679016113281250000e+01 3.480000000000000000e+02
1.691565132141113281e+01 3.440000000000000000e+02
1.691565132141113281e+01 3.440000000000000000e+02
1.691565132141113281e+01 3.440000000000000000e+02
1.691565132141113281e+01 3.440000000000000000e+02
1.691565132141113281e+01 3.440000000000000000e+02
1.707369732856750488e+01 3.420000000000000000e+02
1.707369732856750488e+01 3.420000000000000000e+02
1.713655495643615723e+01 3.440000000000000000e+02
1.713655495643615723e+01 3.440000000000000000e+02
1.719924402236938477e+01 3.480000000000000000e+02
1.719924402236938477e+01 3.480000000000000000e+02
1.719924402236938477e+01 3.480000000000000000e+02
1.719924402236938477e+01 3.480000000000000000e+02
1.732642483711242676e+01 3.430000000000000000e+02
1.732642483711242676e+01 3.430000000000000000e+02
1.739010834693908691e+01 3.440000000000000000e+02
1.739010834693908691e+01 3.440000000000000000e+02
1.739010834693908691e+01 3.440000000000000000e+02
1.739010834693908691e+01 3.440000000000000000e+02
1.739010834693908691e+01 3.440000000000000000e+02
1.754590082168579102e+01 3.440000000000000000e+02
1.754590082168579102e+01 3.440000000000000000e+02
1.760766243934631348e+01 3.440000000000000000e+02
1.760766243934631348e+01 3.440000000000000000e+02
1.760766243934631348e+01 3.440000000000000000e+02
1.760766243934631348e+01 3.440000000000000000e+02
1.760766243934631348e+01 3.440000000000000000e+02
1.776470994949340820e+01 3.490000000000000000e+02
1.779684805870056152e+01 3.480000000000000000e+02
1.779684805870056152e+01 3.480000000000000000e+02
1.779684805870056152e+01 3.480000000000000000e+02
1.779684805870056152e+01 3.480000000000000000e+02
1.792232179641723633e+01 3.430000000000000000e+02
1.792232179641723633e+01 3.430000000000000000e+02
1.792232179641723633e+01 3.430000000000000000e+02
1.792232179641723633e+01 3.430000000000000000e+02
1.804768848419189453e+01 3.440000000000000000e+02
1.804768848419189453e+01 3.440000000000000000e+02
1.804768848419189453e+01 3.440000000000000000e+02
1.804768848419189453e+01 3.440000000000000000e+02
1.804768848419189453e+01 3.440000000000000000e+02
1.804768848419189453e+01 3.440000000000000000e+02
1.804768848419189453e+01 3.440000000000000000e+02
1.804768848419189453e+01 3.440000000000000000e+02
1.829771661758422852e+01 3.440000000000000000e+02
1.833022618293762207e+01 3.440000000000000000e+02
1.833022618293762207e+01 3.440000000000000000e+02
1.833022618293762207e+01 3.440000000000000000e+02
1.842376136779785156e+01 3.480000000000000000e+02
1.842376136779785156e+01 3.480000000000000000e+02
1.842376136779785156e+01 3.480000000000000000e+02
1.842376136779785156e+01 3.480000000000000000e+02
1.842376136779785156e+01 3.480000000000000000e+02
1.842376136779785156e+01 3.480000000000000000e+02
1.861578536033630371e+01 3.440000000000000000e+02
1.864732003211975098e+01 3.420000000000000000e+02
1.867955994606018066e+01 3.430000000000000000e+02
1.867955994606018066e+01 3.430000000000000000e+02
1.867955994606018066e+01 3.430000000000000000e+02
1.877181434631347656e+01 3.440000000000000000e+02
1.877181434631347656e+01 3.440000000000000000e+02
1.883501386642456055e+01 3.450000000000000000e+02
1.883501386642456055e+01 3.450000000000000000e+02
1.883501386642456055e+01 3.450000000000000000e+02
1.883501386642456055e+01 3.450000000000000000e+02
1.883501386642456055e+01 3.450000000000000000e+02
1.899086952209472656e+01 3.470000000000000000e+02
1.899086952209472656e+01 3.470000000000000000e+02
1.899086952209472656e+01 3.470000000000000000e+02
1.908596801757812500e+01 3.460000000000000000e+02
1.908596801757812500e+01 3.460000000000000000e+02
1.908596801757812500e+01 3.460000000000000000e+02
1.908596801757812500e+01 3.460000000000000000e+02
1.921116614341735840e+01 3.440000000000000000e+02
1.921116614341735840e+01 3.440000000000000000e+02
1.921116614341735840e+01 3.440000000000000000e+02
1.921116614341735840e+01 3.440000000000000000e+02
1.921116614341735840e+01 3.440000000000000000e+02
1.921116614341735840e+01 3.440000000000000000e+02
1.921116614341735840e+01 3.440000000000000000e+02
1.921116614341735840e+01 3.440000000000000000e+02
1.921116614341735840e+01 3.440000000000000000e+02
1.921116614341735840e+01 3.440000000000000000e+02
1.921116614341735840e+01 3.440000000000000000e+02
1.921116614341735840e+01 3.440000000000000000e+02
1.959432458877563477e+01 3.450000000000000000e+02
1.959432458877563477e+01 3.450000000000000000e+02
1.965900874137878418e+01 3.400000000000000000e+02
1.965900874137878418e+01 3.400000000000000000e+02
1.965900874137878418e+01 3.400000000000000000e+02
1.965900874137878418e+01 3.400000000000000000e+02
1.965900874137878418e+01 3.400000000000000000e+02
1.965900874137878418e+01 3.400000000000000000e+02
1.965900874137878418e+01 3.400000000000000000e+02
1.965900874137878418e+01 3.400000000000000000e+02
1.965900874137878418e+01 3.400000000000000000e+02
1.965900874137878418e+01 3.400000000000000000e+02
1.965900874137878418e+01 3.400000000000000000e+02
1.965900874137878418e+01 3.400000000000000000e+02
1.965900874137878418e+01 3.400000000000000000e+02
1.965900874137878418e+01 3.400000000000000000e+02
1.965900874137878418e+01 3.400000000000000000e+02
1.965900874137878418e+01 3.400000000000000000e+02
1.965900874137878418e+01 3.400000000000000000e+02
1.965900874137878418e+01 3.400000000000000000e+02
1.965900874137878418e+01 3.400000000000000000e+02
1.965900874137878418e+01 3.400000000000000000e+02
1.965900874137878418e+01 3.400000000000000000e+02
1.965900874137878418e+01 3.400000000000000000e+02
1.965900874137878418e+01 3.400000000000000000e+02
1.965900874137878418e+01 3.400000000000000000e+02
1.965900874137878418e+01 3.400000000000000000e+02
1.965900874137878418e+01 3.400000000000000000e+02
1.965900874137878418e+01 3.400000000000000000e+02
1.965900874137878418e+01 3.400000000000000000e+02
1.965900874137878418e+01 3.400000000000000000e+02
1.965900874137878418e+01 3.400000000000000000e+02
1.965900874137878418e+01 3.400000000000000000e+02
1.965900874137878418e+01 3.400000000000000000e+02
1.965900874137878418e+01 3.400000000000000000e+02
1.965900874137878418e+01 3.400000000000000000e+02
1.965900874137878418e+01 3.400000000000000000e+02
1.965900874137878418e+01 3.400000000000000000e+02
1.965900874137878418e+01 3.400000000000000000e+02
1.965900874137878418e+01 3.400000000000000000e+02
1.965900874137878418e+01 3.400000000000000000e+02
1.965900874137878418e+01 3.400000000000000000e+02
2.090924310684204102e+01 3.440000000000000000e+02
2.090924310684204102e+01 3.440000000000000000e+02
2.090924310684204102e+01 3.440000000000000000e+02
2.090924310684204102e+01 3.440000000000000000e+02
2.090924310684204102e+01 3.440000000000000000e+02
2.106721806526184082e+01 3.420000000000000000e+02
2.106721806526184082e+01 3.420000000000000000e+02
2.106721806526184082e+01 3.420000000000000000e+02
2.106721806526184082e+01 3.420000000000000000e+02
2.119237756729125977e+01 3.440000000000000000e+02
2.119237756729125977e+01 3.440000000000000000e+02
2.119237756729125977e+01 3.440000000000000000e+02
2.119237756729125977e+01 3.440000000000000000e+02
