2.304585695266723633e+01 3.440000000000000000e+02
2.304585695266723633e+01 3.440000000000000000e+02
2.311606574058532715e+01 3.460000000000000000e+02
2.311606574058532715e+01 3.460000000000000000e+02
2.311606574058532715e+01 3.460000000000000000e+02
2.311606574058532715e+01 3.460000000000000000e+02
2.324291586875915527e+01 3.430000000000000000e+02
2.324291586875915527e+01 3.430000000000000000e+02
2.330593276023864746e+01 3.450000000000000000e+02
2.330593276023864746e+01 3.450000000000000000e+02
2.330593276023864746e+01 3.450000000000000000e+02
2.330593276023864746e+01 3.450000000000000000e+02
2.343277025222778320e+01 3.440000000000000000e+02
2.343277025222778320e+01 3.440000000000000000e+02
2.343277025222778320e+01 3.440000000000000000e+02
2.343277025222778320e+01 3.440000000000000000e+02
2.355842494964599609e+01 3.450000000000000000e+02
2.355842494964599609e+01 3.450000000000000000e+02
2.362016367912292480e+01 3.430000000000000000e+02
2.362016367912292480e+01 3.430000000000000000e+02
2.368339180946350098e+01 3.410000000000000000e+02
2.368339180946350098e+01 3.410000000000000000e+02
2.374701023101806641e+01 3.450000000000000000e+02
2.374701023101806641e+01 3.450000000000000000e+02
2.374701023101806641e+01 3.450000000000000000e+02
2.374701023101806641e+01 3.450000000000000000e+02
2.374701023101806641e+01 3.450000000000000000e+02
2.374701023101806641e+01 3.450000000000000000e+02
2.393358540534973145e+01 3.450000000000000000e+02
2.396421313285827637e+01 3.430000000000000000e+02
2.396421313285827637e+01 3.430000000000000000e+02
2.402755761146545410e+01 3.490000000000000000e+02
2.402755761146545410e+01 3.490000000000000000e+02
2.402755761146545410e+01 3.490000000000000000e+02
2.402755761146545410e+01 3.490000000000000000e+02
2.402755761146545410e+01 3.490000000000000000e+02
2.402755761146545410e+01 3.490000000000000000e+02
2.421451687812805176e+01 3.450000000000000000e+02
2.421451687812805176e+01 3.450000000000000000e+02
2.421451687812805176e+01 3.450000000000000000e+02
2.421451687812805176e+01 3.450000000000000000e+02
2.433948421478271484e+01 3.450000000000000000e+02
2.433948421478271484e+01 3.450000000000000000e+02
2.433948421478271484e+01 3.450000000000000000e+02
2.433948421478271484e+01 3.450000000000000000e+02
2.433948421478271484e+01 3.450000000000000000e+02
2.433948421478271484e+01 3.450000000000000000e+02
2.433948421478271484e+01 3.450000000000000000e+02
2.433948421478271484e+01 3.450000000000000000e+02
2.433948421478271484e+01 3.450000000000000000e+02
2.433948421478271484e+01 3.450000000000000000e+02
2.433948421478271484e+01 3.450000000000000000e+02
2.433948421478271484e+01 3.450000000000000000e+02
2.433948421478271484e+01 3.450000000000000000e+02
2.433948421478271484e+01 3.450000000000000000e+02
2.433948421478271484e+01 3.450000000000000000e+02
2.433948421478271484e+01 3.450000000000000000e+02
2.433948421478271484e+01 3.450000000000000000e+02
2.433948421478271484e+01 3.450000000000000000e+02
2.433948421478271484e+01 3.450000000000000000e+02
2.433948421478271484e+01 3.450000000000000000e+02
2.433948421478271484e+01 3.450000000000000000e+02
2.433948421478271484e+01 3.450000000000000000e+02
2.433948421478271484e+01 3.450000000000000000e+02
2.433948421478271484e+01 3.450000000000000000e+02
2.433948421478271484e+01 3.450000000000000000e+02
2.433948421478271484e+01 3.450000000000000000e+02
2.433948421478271484e+01 3.450000000000000000e+02
2.518723416328430176e+01 3.440000000000000000e+02
2.518723416328430176e+01 3.440000000000000000e+02
2.518723416328430176e+01 3.440000000000000000e+02
2.518723416328430176e+01 3.440000000000000000e+02
2.518723416328430176e+01 3.440000000000000000e+02
2.518723416328430176e+01 3.440000000000000000e+02
2.518723416328430176e+01 3.440000000000000000e+02
2.518723416328430176e+01 3.440000000000000000e+02
2.518723416328430176e+01 3.440000000000000000e+02
2.518723416328430176e+01 3.440000000000000000e+02
2.518723416328430176e+01 3.440000000000000000e+02
2.518723416328430176e+01 3.440000000000000000e+02
2.518723416328430176e+01 3.440000000000000000e+02
2.518723416328430176e+01 3.440000000000000000e+02
2.518723416328430176e+01 3.440000000000000000e+02
2.518723416328430176e+01 3.440000000000000000e+02
2.569019985198974609e+01 3.450000000000000000e+02
2.569019985198974609e+01 3.450000000000000000e+02
2.569019985198974609e+01 3.450000000000000000e+02
2.569019985198974609e+01 3.450000000000000000e+02
2.581449556350708008e+01 3.450000000000000000e+02
2.581449556350708008e+01 3.450000000000000000e+02
2.581449556350708008e+01 3.450000000000000000e+02
2.590166187286376953e+01 3.440000000000000000e+02
2.590166187286376953e+01 3.440000000000000000e+02
2.590166187286376953e+01 3.440000000000000000e+02
2.590166187286376953e+01 3.440000000000000000e+02
2.590166187286376953e+01 3.440000000000000000e+02
2.590166187286376953e+01 3.440000000000000000e+02
2.590166187286376953e+01 3.440000000000000000e+02
2.590166187286376953e+01 3.440000000000000000e+02
2.590166187286376953e+01 3.440000000000000000e+02
2.590166187286376953e+01 3.440000000000000000e+02
2.590166187286376953e+01 3.440000000000000000e+02
2.590166187286376953e+01 3.440000000000000000e+02
2.590166187286376953e+01 3.440000000000000000e+02
2.630727887153625488e+01 3.450000000000000000e+02
2.630727887153625488e+01 3.450000000000000000e+02
2.637104868888854980e+01 3.460000000000000000e+02
2.637104868888854980e+01 3.460000000000000000e+02
2.637104868888854980e+01 3.460000000000000000e+02
2.637104868888854980e+01 3.460000000000000000e+02
2.637104868888854980e+01 3.460000000000000000e+02
2.637104868888854980e+01 3.460000000000000000e+02
2.637104868888854980e+01 3.460000000000000000e+02
2.660054755210876465e+01 3.420000000000000000e+02
2.660054755210876465e+01 3.420000000000000000e+02
2.660054755210876465e+01 3.420000000000000000e+02
2.660054755210876465e+01 3.420000000000000000e+02
2.660054755210876465e+01 3.420000000000000000e+02
2.660054755210876465e+01 3.420000000000000000e+02
2.660054755210876465e+01 3.420000000000000000e+02
2.660054755210876465e+01 3.420000000000000000e+02
2.660054755210876465e+01 3.420000000000000000e+02
2.660054755210876465e+01 3.420000000000000000e+02
2.660054755210876465e+01 3.420000000000000000e+02
2.660054755210876465e+01 3.420000000000000000e+02
2.660054755210876465e+01 3.420000000000000000e+02
2.660054755210876465e+01 3.420000000000000000e+02
2.660054755210876465e+01 3.420000000000000000e+02
2.660054755210876465e+01 3.420000000000000000e+02
2.660054755210876465e+01 3.420000000000000000e+02
2.660054755210876465e+01 3.420000000000000000e+02
2.660054755210876465e+01 3.420000000000000000e+02
2.660054755210876465e+01 3.420000000000000000e+02
2.660054755210876465e+01 3.420000000000000000e+02
2.660054755210876465e+01 3.420000000000000000e+02
2.660054755210876465e+01 3.420000000000000000e+02
2.660054755210876465e+01 3.420000000000000000e+02
2.660054755210876465e+01 3.420000000000000000e+02
2.660054755210876465e+01 3.420000000000000000e+02
2.660054755210876465e+01 3.420000000000000000e+02
2.660054755210876465e+01 3.420000000000000000e+02
2.660054755210876465e+01 3.420000000000000000e+02
2.660054755210876465e+01 3.420000000000000000e+02
2.660054755210876465e+01 3.420000000000000000e+02
2.660054755210876465e+01 3.420000000000000000e+02
2.660054755210876465e+01 3.420000000000000000e+02
2.660054755210876465e+01 3.420000000000000000e+02
2.660054755210876465e+01 3.420000000000000000e+02
2.660054755210876465e+01 3.420000000000000000e+02
2.773096704483032227e+01 3.440000000000000000e+02
2.773096704483032227e+01 3.440000000000000000e+02
2.773096704483032227e+01 3.440000000000000000e+02
2.773096704483032227e+01 3.440000000000000000e+02
2.773096704483032227e+01 3.440000000000000000e+02
2.773096704483032227e+01 3.440000000000000000e+02
2.773096704483032227e+01 3.440000000000000000e+02
2.773096704483032227e+01 3.440000000000000000e+02
2.798196744918823242e+01 3.400000000000000000e+02
2.798196744918823242e+01 3.400000000000000000e+02
2.798196744918823242e+01 3.400000000000000000e+02
2.798196744918823242e+01 3.400000000000000000e+02
2.798196744918823242e+01 3.400000000000000000e+02
2.798196744918823242e+01 3.400000000000000000e+02
2.798196744918823242e+01 3.400000000000000000e+02
2.798196744918823242e+01 3.400000000000000000e+02
2.798196744918823242e+01 3.400000000000000000e+02
2.798196744918823242e+01 3.400000000000000000e+02
2.798196744918823242e+01 3.400000000000000000e+02
2.798196744918823242e+01 3.400000000000000000e+02
2.798196744918823242e+01 3.400000000000000000e+02
2.798196744918823242e+01 3.400000000000000000e+02
2.798196744918823242e+01 3.400000000000000000e+02
2.798196744918823242e+01 3.400000000000000000e+02
2.798196744918823242e+01 3.400000000000000000e+02
2.798196744918823242e+01 3.400000000000000000e+02
2.854921054840087891e+01 3.440000000000000000e+02
2.854921054840087891e+01 3.440000000000000000e+02
2.854921054840087891e+01 3.440000000000000000e+02
2.854921054840087891e+01 3.440000000000000000e+02
2.854921054840087891e+01 3.440000000000000000e+02
2.870860242843627930e+01 3.450000000000000000e+02
2.870860242843627930e+01 3.450000000000000000e+02
2.877048468589782715e+01 3.450000000000000000e+02
2.877048468589782715e+01 3.450000000000000000e+02
2.877048468589782715e+01 3.450000000000000000e+02
2.877048468589782715e+01 3.450000000000000000e+02
2.889569687843322754e+01 3.450000000000000000e+02
2.889569687843322754e+01 3.450000000000000000e+02
2.895898437500000000e+01 3.440000000000000000e+02
2.895898437500000000e+01 3.440000000000000000e+02
2.895898437500000000e+01 3.440000000000000000e+02
2.895898437500000000e+01 3.440000000000000000e+02
2.895898437500000000e+01 3.440000000000000000e+02
2.895898437500000000e+01 3.440000000000000000e+02
2.895898437500000000e+01 3.440000000000000000e+02
2.917859816551208496e+01 3.440000000000000000e+02
2.917859816551208496e+01 3.440000000000000000e+02
2.917859816551208496e+01 3.440000000000000000e+02
2.917859816551208496e+01 3.440000000000000000e+02
2.917859816551208496e+01 3.440000000000000000e+02
2.917859816551208496e+01 3.440000000000000000e+02
2.917859816551208496e+01 3.440000000000000000e+02
2.917859816551208496e+01 3.440000000000000000e+02
2.917859816551208496e+01 3.440000000000000000e+02
2.917859816551208496e+01 3.440000000000000000e+02
2.917859816551208496e+01 3.440000000000000000e+02
2.917859816551208496e+01 3.440000000000000000e+02
2.917859816551208496e+01 3.440000000000000000e+02
2.917859816551208496e+01 3.440000000000000000e+02
2.961839056015014648e+01 3.440000000000000000e+02
2.961839056015014648e+01 3.440000000000000000e+02
2.961839056015014648e+01 3.440000000000000000e+02
2.961839056015014648e+01 3.440000000000000000e+02
2.961839056015014648e+01 3.440000000000000000e+02
2.961839056015014648e+01 3.440000000000000000e+02
2.961839056015014648e+01 3.440000000000000000e+02
2.984002947807312012e+01 3.360000000000000000e+02
2.984002947807312012e+01 3.360000000000000000e+02
2.984002947807312012e+01 3.360000000000000000e+02
2.984002947807312012e+01 3.360000000000000000e+02
2.996494555473327637e+01 3.450000000000000000e+02
2.999659681320190430e+01 3.440000000000000000e+02
2.999659681320190430e+01 3.440000000000000000e+02
2.999659681320190430e+01 3.440000000000000000e+02
2.999659681320190430e+01 3.440000000000000000e+02
3.012238478660583496e+01 3.450000000000000000e+02
3.012238478660583496e+01 3.450000000000000000e+02
3.012238478660583496e+01 3.450000000000000000e+02
3.012238478660583496e+01 3.450000000000000000e+02
3.024562311172485352e+01 3.430000000000000000e+02
3.024562311172485352e+01 3.430000000000000000e+02
3.024562311172485352e+01 3.430000000000000000e+02
3.024562311172485352e+01 3.430000000000000000e+02
3.024562311172485352e+01 3.430000000000000000e+02
3.024562311172485352e+01 3.430000000000000000e+02
3.024562311172485352e+01 3.430000000000000000e+02
3.024562311172485352e+01 3.430000000000000000e+02
3.049543833732604980e+01 3.430000000000000000e+02
3.049543833732604980e+01 3.430000000000000000e+02
3.049543833732604980e+01 3.430000000000000000e+02
3.049543833732604980e+01 3.430000000000000000e+02
3.049543833732604980e+01 3.430000000000000000e+02
3.049543833732604980e+01 3.430000000000000000e+02
3.068318271636962891e+01 3.440000000000000000e+02
3.068318271636962891e+01 3.440000000000000000e+02
3.068318271636962891e+01 3.440000000000000000e+02
3.068318271636962891e+01 3.440000000000000000e+02
3.068318271636962891e+01 3.440000000000000000e+02
3.068318271636962891e+01 3.440000000000000000e+02
3.068318271636962891e+01 3.440000000000000000e+02
3.068318271636962891e+01 3.440000000000000000e+02
3.093596315383911133e+01 3.450000000000000000e+02
3.093596315383911133e+01 3.450000000000000000e+02
3.093596315383911133e+01 3.450000000000000000e+02
3.093596315383911133e+01 3.450000000000000000e+02
3.093596315383911133e+01 3.450000000000000000e+02
3.093596315383911133e+01 3.450000000000000000e+02
3.093596315383911133e+01 3.450000000000000000e+02
3.115498042106628418e+01 3.440000000000000000e+02
3.115498042106628418e+01 3.440000000000000000e+02
3.115498042106628418e+01 3.440000000000000000e+02
3.124892425537109375e+01 3.430000000000000000e+02
3.124892425537109375e+01 3.430000000000000000e+02
3.124892425537109375e+01 3.430000000000000000e+02
3.124892425537109375e+01 3.430000000000000000e+02
3.124892425537109375e+01 3.430000000000000000e+02
3.124892425537109375e+01 3.430000000000000000e+02
3.124892425537109375e+01 3.430000000000000000e+02
3.124892425537109375e+01 3.430000000000000000e+02
3.124892425537109375e+01 3.430000000000000000e+02
3.153017783164978027e+01 3.450000000000000000e+02
3.153017783164978027e+01 3.450000000000000000e+02
3.153017783164978027e+01 3.450000000000000000e+02
3.153017783164978027e+01 3.450000000000000000e+02
3.165619730949401855e+01 3.440000000000000000e+02
3.165619730949401855e+01 3.440000000000000000e+02
3.165619730949401855e+01 3.440000000000000000e+02
3.174949216842651367e+01 3.450000000000000000e+02
3.174949216842651367e+01 3.450000000000000000e+02
3.181219053268432617e+01 3.450000000000000000e+02
3.181219053268432617e+01 3.450000000000000000e+02
3.181219053268432617e+01 3.450000000000000000e+02
3.181219053268432617e+01 3.450000000000000000e+02
3.181219053268432617e+01 3.450000000000000000e+02
3.181219053268432617e+01 3.450000000000000000e+02
3.181219053268432617e+01 3.450000000000000000e+02
3.181219053268432617e+01 3.450000000000000000e+02
3.181219053268432617e+01 3.450000000000000000e+02
3.181219053268432617e+01 3.450000000000000000e+02
3.212737107276916504e+01 3.450000000000000000e+02
3.212737107276916504e+01 3.450000000000000000e+02
3.212737107276916504e+01 3.450000000000000000e+02
3.212737107276916504e+01 3.450000000000000000e+02
3.212737107276916504e+01 3.450000000000000000e+02
3.212737107276916504e+01 3.450000000000000000e+02
3.212737107276916504e+01 3.450000000000000000e+02
3.212737107276916504e+01 3.450000000000000000e+02
3.212737107276916504e+01 3.450000000000000000e+02
3.241119027137756348e+01 3.440000000000000000e+02
3.241119027137756348e+01 3.440000000000000000e+02
3.241119027137756348e+01 3.440000000000000000e+02
3.241119027137756348e+01 3.440000000000000000e+02
3.241119027137756348e+01 3.440000000000000000e+02
3.241119027137756348e+01 3.440000000000000000e+02
3.241119027137756348e+01 3.440000000000000000e+02
3.241119027137756348e+01 3.440000000000000000e+02
3.241119027137756348e+01 3.440000000000000000e+02
3.269387340545654297e+01 3.430000000000000000e+02
3.269387340545654297e+01 3.430000000000000000e+02
3.269387340545654297e+01 3.430000000000000000e+02
3.269387340545654297e+01 3.430000000000000000e+02
3.269387340545654297e+01 3.430000000000000000e+02
3.269387340545654297e+01 3.430000000000000000e+02
3.269387340545654297e+01 3.430000000000000000e+02
3.269387340545654297e+01 3.430000000000000000e+02
3.269387340545654297e+01 3.430000000000000000e+02
3.269387340545654297e+01 3.430000000000000000e+02
3.300652480125427246e+01 3.440000000000000000e+02
3.300652480125427246e+01 3.440000000000000000e+02
3.300652480125427246e+01 3.440000000000000000e+02
3.300652480125427246e+01 3.440000000000000000e+02
3.300652480125427246e+01 3.440000000000000000e+02
3.316373562812805176e+01 3.440000000000000000e+02
3.316373562812805176e+01 3.440000000000000000e+02
3.316373562812805176e+01 3.440000000000000000e+02
3.316373562812805176e+01 3.440000000000000000e+02
3.316373562812805176e+01 3.440000000000000000e+02
3.316373562812805176e+01 3.440000000000000000e+02
3.335295653343200684e+01 3.430000000000000000e+02
3.335295653343200684e+01 3.430000000000000000e+02
3.335295653343200684e+01 3.430000000000000000e+02
3.335295653343200684e+01 3.430000000000000000e+02
3.347678971290588379e+01 3.450000000000000000e+02
3.347678971290588379e+01 3.450000000000000000e+02
3.353936338424682617e+01 3.530000000000000000e+02
3.353936338424682617e+01 3.530000000000000000e+02
3.360258245468139648e+01 3.490000000000000000e+02
3.360258245468139648e+01 3.490000000000000000e+02
3.366579794883728027e+01 3.440000000000000000e+02
3.366579794883728027e+01 3.440000000000000000e+02
3.372892808914184570e+01 3.440000000000000000e+02
3.372892808914184570e+01 3.440000000000000000e+02
3.372892808914184570e+01 3.440000000000000000e+02
3.372892808914184570e+01 3.440000000000000000e+02
3.385484957695007324e+01 3.450000000000000000e+02
3.385484957695007324e+01 3.450000000000000000e+02
3.391787219047546387e+01 3.430000000000000000e+02
3.391787219047546387e+01 3.430000000000000000e+02
3.397951722145080566e+01 3.460000000000000000e+02
3.397951722145080566e+01 3.460000000000000000e+02
3.397951722145080566e+01 3.460000000000000000e+02
3.407424378395080566e+01 3.430000000000000000e+02
3.410599088668823242e+01 3.440000000000000000e+02
3.410599088668823242e+01 3.440000000000000000e+02
3.416779327392578125e+01 3.450000000000000000e+02
3.416779327392578125e+01 3.450000000000000000e+02
3.423003315925598145e+01 3.450000000000000000e+02
3.423003315925598145e+01 3.450000000000000000e+02
3.423003315925598145e+01 3.450000000000000000e+02
3.423003315925598145e+01 3.450000000000000000e+02
3.423003315925598145e+01 3.450000000000000000e+02
3.423003315925598145e+01 3.450000000000000000e+02
3.441928195953369141e+01 3.430000000000000000e+02
3.441928195953369141e+01 3.430000000000000000e+02
3.441928195953369141e+01 3.430000000000000000e+02
3.441928195953369141e+01 3.430000000000000000e+02
3.441928195953369141e+01 3.430000000000000000e+02
3.441928195953369141e+01 3.430000000000000000e+02
3.460875415802001953e+01 3.440000000000000000e+02
3.460875415802001953e+01 3.440000000000000000e+02
3.460875415802001953e+01 3.440000000000000000e+02
3.460875415802001953e+01 3.440000000000000000e+02
3.460875415802001953e+01 3.440000000000000000e+02
3.460875415802001953e+01 3.440000000000000000e+02
3.479681277275085449e+01 3.440000000000000000e+02
3.479681277275085449e+01 3.440000000000000000e+02
3.479681277275085449e+01 3.440000000000000000e+02
3.489033484458923340e+01 3.490000000000000000e+02
3.489033484458923340e+01 3.490000000000000000e+02
3.489033484458923340e+01 3.490000000000000000e+02
3.489033484458923340e+01 3.490000000000000000e+02
3.489033484458923340e+01 3.490000000000000000e+02
3.489033484458923340e+01 3.490000000000000000e+02
3.489033484458923340e+01 3.490000000000000000e+02
3.489033484458923340e+01 3.490000000000000000e+02
3.489033484458923340e+01 3.490000000000000000e+02
3.489033484458923340e+01 3.490000000000000000e+02
3.489033484458923340e+01 3.490000000000000000e+02
3.489033484458923340e+01 3.490000000000000000e+02
3.489033484458923340e+01 3.490000000000000000e+02
3.489033484458923340e+01 3.490000000000000000e+02
3.489033484458923340e+01 3.490000000000000000e+02
3.535840606689453125e+01 3.440000000000000000e+02
3.535840606689453125e+01 3.440000000000000000e+02
3.542058968544006348e+01 3.430000000000000000e+02
3.542058968544006348e+01 3.430000000000000000e+02
3.542058968544006348e+01 3.430000000000000000e+02
3.542058968544006348e+01 3.430000000000000000e+02
3.542058968544006348e+01 3.430000000000000000e+02
3.542058968544006348e+01 3.430000000000000000e+02
3.560905241966247559e+01 3.440000000000000000e+02
3.560905241966247559e+01 3.440000000000000000e+02
3.567241716384887695e+01 3.440000000000000000e+02
3.567241716384887695e+01 3.440000000000000000e+02
3.573567819595336914e+01 3.440000000000000000e+02
3.573567819595336914e+01 3.440000000000000000e+02
3.573567819595336914e+01 3.440000000000000000e+02
3.573567819595336914e+01 3.440000000000000000e+02
3.573567819595336914e+01 3.440000000000000000e+02
3.573567819595336914e+01 3.440000000000000000e+02
3.573567819595336914e+01 3.440000000000000000e+02
3.573567819595336914e+01 3.440000000000000000e+02
3.598541307449340820e+01 3.440000000000000000e+02
3.598541307449340820e+01 3.440000000000000000e+02
3.598541307449340820e+01 3.440000000000000000e+02
3.598541307449340820e+01 3.440000000000000000e+02
3.611134600639343262e+01 3.440000000000000000e+02
3.611134600639343262e+01 3.440000000000000000e+02
3.611134600639343262e+01 3.440000000000000000e+02
3.611134600639343262e+01 3.440000000000000000e+02
3.611134600639343262e+01 3.440000000000000000e+02
3.611134600639343262e+01 3.440000000000000000e+02
3.611134600639343262e+01 3.440000000000000000e+02
3.611134600639343262e+01 3.440000000000000000e+02
3.611134600639343262e+01 3.440000000000000000e+02
3.611134600639343262e+01 3.440000000000000000e+02
3.611134600639343262e+01 3.440000000000000000e+02
3.611134600639343262e+01 3.440000000000000000e+02
3.611134600639343262e+01 3.440000000000000000e+02
3.651978683471679688e+01 3.470000000000000000e+02
3.651978683471679688e+01 3.470000000000000000e+02
3.651978683471679688e+01 3.470000000000000000e+02
3.651978683471679688e+01 3.470000000000000000e+02
3.651978683471679688e+01 3.470000000000000000e+02
3.667689085006713867e+01 3.450000000000000000e+02
3.667689085006713867e+01 3.450000000000000000e+02
3.667689085006713867e+01 3.450000000000000000e+02
3.667689085006713867e+01 3.450000000000000000e+02
3.680052304267883301e+01 3.430000000000000000e+02
3.680052304267883301e+01 3.430000000000000000e+02
3.680052304267883301e+01 3.430000000000000000e+02
3.680052304267883301e+01 3.430000000000000000e+02
3.680052304267883301e+01 3.430000000000000000e+02
3.680052304267883301e+01 3.430000000000000000e+02
3.680052304267883301e+01 3.430000000000000000e+02
3.680052304267883301e+01 3.430000000000000000e+02
3.680052304267883301e+01 3.430000000000000000e+02
3.708479404449462891e+01 3.450000000000000000e+02
3.708479404449462891e+01 3.450000000000000000e+02
3.714825940132141113e+01 3.450000000000000000e+02
3.714825940132141113e+01 3.450000000000000000e+02
3.714825940132141113e+01 3.450000000000000000e+02
3.714825940132141113e+01 3.450000000000000000e+02
3.727264857292175293e+01 3.500000000000000000e+02
3.727264857292175293e+01 3.500000000000000000e+02
3.727264857292175293e+01 3.500000000000000000e+02
3.727264857292175293e+01 3.500000000000000000e+02
3.727264857292175293e+01 3.500000000000000000e+02
3.727264857292175293e+01 3.500000000000000000e+02
3.727264857292175293e+01 3.500000000000000000e+02
3.727264857292175293e+01 3.500000000000000000e+02
3.727264857292175293e+01 3.500000000000000000e+02
3.727264857292175293e+01 3.500000000000000000e+02
3.727264857292175293e+01 3.500000000000000000e+02
3.727264857292175293e+01 3.500000000000000000e+02
3.727264857292175293e+01 3.500000000000000000e+02
3.727264857292175293e+01 3.500000000000000000e+02
3.727264857292175293e+01 3.500000000000000000e+02
3.774472546577453613e+01 3.450000000000000000e+02
3.774472546577453613e+01 3.450000000000000000e+02
3.774472546577453613e+01 3.450000000000000000e+02
3.783973526954650879e+01 3.440000000000000000e+02
3.783973526954650879e+01 3.440000000000000000e+02
3.783973526954650879e+01 3.440000000000000000e+02
3.783973526954650879e+01 3.440000000000000000e+02
3.783973526954650879e+01 3.440000000000000000e+02
3.783973526954650879e+01 3.440000000000000000e+02
3.783973526954650879e+01 3.440000000000000000e+02
3.783973526954650879e+01 3.440000000000000000e+02
3.810369896888732910e+01 3.430000000000000000e+02
3.810369896888732910e+01 3.430000000000000000e+02
3.816528892517089844e+01 3.560000000000000000e+02
3.816528892517089844e+01 3.560000000000000000e+02
3.822898387908935547e+01 3.470000000000000000e+02
3.822898387908935547e+01 3.470000000000000000e+02
3.822898387908935547e+01 3.470000000000000000e+02
3.822898387908935547e+01 3.470000000000000000e+02
3.822898387908935547e+01 3.470000000000000000e+02
3.822898387908935547e+01 3.470000000000000000e+02
3.822898387908935547e+01 3.470000000000000000e+02
3.822898387908935547e+01 3.470000000000000000e+02
3.822898387908935547e+01 3.470000000000000000e+02
3.822898387908935547e+01 3.470000000000000000e+02
3.822898387908935547e+01 3.470000000000000000e+02
3.822898387908935547e+01 3.470000000000000000e+02
3.822898387908935547e+01 3.470000000000000000e+02
3.822898387908935547e+01 3.470000000000000000e+02
3.822898387908935547e+01 3.470000000000000000e+02
3.822898387908935547e+01 3.470000000000000000e+02
3.822898387908935547e+01 3.470000000000000000e+02
